1	*Controlled airfield*			
1	EFET	682152,0	232539,0	2001 x 45 m	0	0	0
1	EFHA	615123,0	244721,0	2601 x 60 m	0	0	0
1	EFHE	600852,0	245527,0		0	0	0
1	EFHF	601514,0	250239,0	1340 x 30 m	0	0	0
1	EFHK	601902,0	245748,0	3440 x 60 m	0	0	0
1	EFIV	683639,0	272450,0	2499 x 45 m	0	0	0
1	EFJO	623932,0	293728,0	2500 x 52 m	0	0	0
1	EFJY	622403,0	254022,0	2601 x 60 m	0	0	0
1	EFKA	630727,0	230305,0	2700 x 60 m	0	0	0
1	EFKE	654645,0	243505,0	2503 x 48 m	0	0	0
1	EFKI	641703,0	274115,0	2499 x 48 m	0	0	0
1	EFKK	634313,0	230821,0	2500 x 60 m	0	0	0
1	EFKS	655925,0	291355,0	2500 x 45 m	0	0	0
1	EFKT	674155,0	245053,0	2500 x 45 m	0	0	0
1	EFKU	630031,0	274740,0	2800 x 60 m	0	0	0
1	EFLP	610245,0	280855,0	2500 x 60 m	0	0	0
1	EFMA	600719,0	195347,0	1903 x 60 m	0	0	0
1	EFMI	614111,0	271200,0	1702 x 44 m	0	0	0
1	EFOU	645545,0	252120,0	2501 x 60 m	0	0	0
1	EFPO	612741,0	214752,0	2351 x 60 m	0	0	0
1	EFRO	663342,0	254951,0	3002 x 60 m	0	0	0
1	EFSA	615634,0	285642,0	2300 x 45 m	0	0	0
1	EFSI	624137,0	224955,0	1543 x 30 m	0	0	0
1	EFSO	672348,0	263705,0	1500 x 30 m	0	0	0
1	EFTP	612455,0	233516,0	2700 x 45 m	0	0	0
1	EFTU	603053,0	221542,0	2500 x 60 m	0	0	0
1	EFUT	605347,0	265617,0	2000 x 45 m	0	0	0
1	EFVA	630243,0	214551,0	2500 x 48 m	0	0	0
1	EFVR	621016,0	275207,0	2000 x 45 m	0	0	0
2	*Uncontrolled airfield*			
2	EFAA	673613	235818	900 x 30 m	0	0	0
2	EFAH	645343	254508	800 x 23 m	0	0	0
2	EFAL	623317	233424	750 x 18 m	0	0	0
2	EFEU	610658,0	221205,0	1000 x 18 m	0	0	0
2	EFFO	604807,0	233844,0	740 x 32 m	0	0	0
2	EFGE	600513	223119	530 x 12 m	0	0	0
2	EFHJ	634244	252342	830 x 18 m	0	0	0
2	EFHL	645801	244216	500 x 15 m	0	0	0
2	EFHM	614125	230427	950 x 18 m	0	0	0
2	EFHN	595044,0	230456,0	1600 x 18 m	0	0	0
2	EFHP	640647	253015	770 x 15 m	0	0	0
2	EFHV	603916,0	245252,0	1260 x 18 m	0	0	0
2	EFII	633755,0	270720,0	660 x 18 m	0	0	0
2	EFIK	602746,0	233904,0	930 x 15 m	0	0	0
2	EFIM	611459,0	285413,0	1090 x 23 m	0	0	0
2	EFIT	620958,0	300425,0	1500 x 30 m	0	0	0
2	EFJM	614643,0	224258,0	830 x 18 m	0	0	0
2	EFKG	601449	204817	600 x 18 m	0	0	0
2	EFKH	640645,0	292619,0	850 x 15 m	0	0	0
2	EFKJ	622748,0	222328,0	1160 x 23 m	0	0	0
2	EFKM	664257,0	270926,0	1400 x 23 m	0	0	0
2	EFKN	635514	240512	700 x 18 m	0	0	0
2	EFKO	641343,0	234935,0	1200 x 30 m	0	0	0
2	EFKR	635921	254437	700 x 10 m	0	0	0
2	EFKV	630731,0	250727,0	900 x 23 m	0	0	0
2	EFKY	603417,0	265346,0	850 x 15 m	0	0	0
2	EFLA	610839,0	254135,0	1200 x 30 m	0	0	0
2	EFLL	632358	272844	340 x 15 m	0	0	0
2	EFLN	633043	293745	940 x 18 m	0	0	0
2	EFME	625648,0	233108,0	1200 x 22 m	0	0	0
2	EFMN	603421	253032	400 x 18 m	0	0	0
2	EFNS	603112	244954	440 x 23 m	0	0	0
2	EFNU	602002,0	241747,0	1200 x 18 m	0	0	0
2	EFOP	605235,0	224441,0	900 x 10 m	0	0	0
2	EFPA	680844	254922	800 x 23 m	0	0	0
2	EFPI	611443,0	221142,0	1000 x 18 m	0	0	0
2	EFPK	621553,0	270010,0	900 x 18 m	0	0	0
2	EFPN	614344	292337	500 x 15m	0	0	0
2	EFPU	652408,0	265649,0	2000 x 45 m	0	0	0
2	EFPY	634345,0	255555,0	1000 x 20 m	0	0	0
2	EFRA	632527,0	280727,0	1230 x 23 m	0	0	0
2	EFRH	644117,0	244145,0	1000 x 18 m	0	0	0
2	EFRN	620356,0	282124,0	740 x 23 m	0	0	0
2	EFRU	655823,0	262155,0	1200 x 23 m	0	0	0
2	EFRV	634220,0	263659,0	840 x 18 m	0	0	0
2	EFRY	604441,0	240628,0	1270 x 18 m	0	0	0
2	EFSE	610351,0	264744,0	1000 x 15 m	0	0	0
2	EFSU	644919,0	284237,0	800 x 15 m	0	0	0
2	EFTO	600445	241020	360 x 15 m	0	0	0
2	EFTS	614623,0	240131,0	1200 x 18 m	0	0	0
2	EFWB	603949	264445	740 x 20 m	0	0	0
2	EFVI	630721	254858	290 x 25 m	0	0	0
2	EFVL	643007	264536	800 x 15 m	0	0	0
2	EFVP	610223	223530	900 x 20 m	0	0	0
2	EFVT	632352	240150	740 x 19 m	0	0	0
2	EFYL	640317	244331	1500 x 30 m	0	0	0